1096313866
1207664483
1207661333
1459441475
1626989378
1207658658
1207658999
1207660773
1459422114
1684728509
2103924881
1104739253
1099102953
1441269533
1207659178
1207666783
1446645514
1442910587
1443004526
1207666213
1207659150
1207664673
1207659983
1427704829
1207658810
1207659763
1425308948
1207666943
1207666993
1207667003
1438083997
1426762679
1452691186
1440152251
1207658883
1207658884
1207660893
1207660883
1428937263
1207665893
1207660903
1207658885
1207665343
1207665333
1207665323
1426519399
1207666073
1441096843
1207659037
1207659038
1428071176
1436955815
1170675521
1207658988
1207658898
1207658711
1207665883
1207658874
1207658923
1207664583
1207659004
1207660243
1207658847
1207659443
1207659259
1207664603
1440163341
1207659012
1183022406
1434460532
1440426004
1438074791
1438168222
1438075172
1207659192
1207667123
1207664863
1207667133
1207659035
1207667143
1207658845
1207659224
1207659006
1422870624
1207660053
1207658842
1207658851
1430398832
1452863102
1846445578
1951981053
1244052225
1282519889
1207658829
1427129887
1443432851
1433157800
1433320879
1337763972
1913968552
1317709786
1207658680
1207664543
1447327294
1903829877
1582150323
1309756718
1460023188
1543259894
1581811358
1207659023
1207665523
1207658951
1207658958
1207658944
1207660054
2002256003
1130879425
1207659166
1420648481
1420630484
1207659156
1207658968
1207664623
1207666373
1207666353
1459335293
1459337461
1207659086
1207660373
1769415595
1207660783
1775067436
1312830628
1750475420
1207660483
1988489328
1207658707
1207658973
1207658708
1207660313
1207658900
1207659164
1797331296
1423058311
2140144872
1345854066
1207658676
1207658917
1207658954
1207659111
1207660124
2047670766
1454067812
1705475096
1207662533
1207658695
1447947499
1207658850
1207658806
1207658746
1440407371
1460728253
1449569170
1207659125
1207664573
1460735408
1460735586
1460735677
1460735771
1460737449
1460737586
1460737726
1460737826
1460734831
1460735025
1460734409
1460734645
1460735908
1460737325
1207665043
1430743890
1207664913
1207667233
1207660493
1207660813
1838054499
1638499829
1207659050
1207664393
1733644340
1207658728
1207658729
1207664163
1207659119
1470599529
1207659071
1457531523
1207665193
1448275717
1207658857
1207658856
1207660453
1207658808
1207658809
1446645601
1437149977
1453909333
1453909260
1423824400
1423758554
1207659081
1207659148
1207659024
1455194922
1741374013
1461061433
1207662143
1446636874
1207667193
1434013541
1434036647
1470490225
1207662943
1171070121
1207659253
1689871374
1207658835
1460037487
1455529924
1432222749
1431942210
1207658838
1411619402
1207658745
1207659169
1207658722
1207658721
1207659151
1284364409
1446823701
1207659963
1207659047
1207658678
1207659201
1207659189
1438597128
1430866932
2100113209
1409132640
1207658762
1207665363
1441875464
1207659543
1207659228
1450347751
1207658894
1430123043
1207659070
1207664613
1437043994
1437047329
1437046838
1367477034
1207664563
1207659191
1661530902
1455704049
1455704410
1207659633
1207658714
1207658734
1207658821
1207658803
1207658800
1207658998
1801442545
1207658646
1207659159
1207664203
1432538826
1432563933
1455119388
1460712231
1207665563
1434623024
1797227701
1227377909
1792819207
1207659005
1995005660
1207659132
1443622961
1604919931
1453474245
1097611792
1207665263
1207658812
1207658814
1207658813
1207665293
1207666643
1436885539
1423233026
1207658982
1207658933
1207658956
1432297044
1432925124
1432925592
1604766360
1439377578
1856743450
1809223221
1207665273
1207659152
1207659199
1453128328
1420634392
1430388542
1441096928
1433153796
1433254764
1433254891
1852354510
1207659168
1207659130
1207659133
1207658830
1207660703
1207658804
1207658904
1207658911
1450711444
1452238359
1452693347
1445505773
1207658972
1446463013
1430901154
1207658704
1207659025
1207659014
1207658796
1207658797
1456922969
1312818781
1207666333
1428489988
1427188253
1457453536
1230412827
1207660543
1207660533
1207660043
1458826738
1425559795
1960384075
1426249888
1426250716
1438167237
1207659222
1207659075
1207665703
1207659129
1459868439
1207666613
1288540119
1207664493
1207660663
1207659953
1207659103
1207659124
1207660233
1439969610
1207660593
1457348075
1207659943
1207658863
         4
1207664703
1207664713
1207658985
1207658926
1207659068
1207658995
1207666703
1929434313
1207658647
1432715627
1207659084
1207659163
1207659254
1438268682
1207658786
1207659185
1207658717
1207658774
1454499830
1276899051
1207665923
1207665933
1207658697
1207658683
1364995551
1121892325
1545282199
1207658805
1207659105
1207659263
1207659202
1207659246
1445516929
1445524575
1584823040
1207659210
1459422165
1207664293
1459416807
1440161275
1207660693
1207666463
1420716694
1394340350
1691391100
1455290087
1440214117
1207659250
1207659251
1949616134
1207660223
1207666713
1207658927
1437994027
1207658899
1460948999
1687836307
1207666503
1207665633
1207666513
1207659045
1207659177
1207658825
1207660443
1207665653
1207664983
1207665683
1441869560
1441901248
1207665903
1207665913
1207658934
1207658959
1835348437
1982030524
1444390881
1207658928
1444390670
1444391327
1436885138
1441355933
1444640476
1441636287
1847879387
1207660094
1207660253
1207659213
1460996021
1460996196
1448452156
1460996282
1207659194
1207664753
1207659147
1207658738
1207658739
1207658740
1207658672
1207658649
1207664333
1207664343
1589369222
1440162836
1440163901
1885888793
1427876514
1442485613
1455891732
1207658844
1207658859
1207658777
1207658860
1207658733
1207658761
1456912569
1459847591
1207659993
1986504189
1454313816
1207659231
1207659773
1207662523
1207659221
1207659220
1207660683
1207659913
1207661343
1207661353
1207661363
1207659112
1207659167
1423228477
1428922775
1441875985
1443023501
1428928921
2010600563
1478758387
1926382789
1976935743
1513949567
1207658775
1457950224
1207659200
1453722952
1453723536
1439275574
1207658648
1470768488
1207659232
1207658789
1207664473
1425479123
1423058413
1207658660
1428586504
1238653230
1348425010
1207658979
1443160711
1449593992
1448987168
1449598956
1440166342
1440166436
1440163405
1430136345
1207658868
1207658750
1207659042
1452681468
1437060567
1437732694
1207659211
1436454557
1434372124
1459256379
1207660303
1452692111
1207658693
1207660523
1207659723
1207658703
1442576067
1453126104
1995778415
1431263338
1169415882
1436868249
1207658929
1436873631
1436871302
1230646427
1207664153
1207660833
1207659059
1438948561
1445250806
1207658870
1207667013
         5
1207665593
1327823064
1134577161
1864614474
1292508911
1438343741
1439809043
1207659102
1207660633
1207660643
1207658837
1207658843
1207658828
1207666433
1426253010
1207659206
1444400746
1444400383
1196401295
1523147364
1279876255
1446542655
1446542988
1455707222
1449648020
1446543176
1760930542
1447842207
1446111517
1432208050
1207658977
1207659108
1207659733
1207659073
1207659067
1207666113
1207658687
1875167847
1207659843
1207659123
1207658650
1207660743
1207664873
1207660753
1207658720
1460101597
1207658846
1207664883
1207665103
1207665113
1514020096
1141215211
1207660403
1207665163
2056546893
2010680720
1740495502
1207658744
1207658682
1207658718
1207658986
1207658993
1442498547
1435140754
1429007120
1207664743
1207659216
1449651388
1812959072
1207667183
1207658782
1207658776
1207659513
1207665733
1432809186
1811584924
1437125214
1744175238
1432813727
1207659090
1207658922
1460036036
1427103890
1439474400
1207658759
1937342852
1207666533
1207659483
1424100574
1449156918
1459790972
1442827661
1445349952
1445508195
1457001454
1207661373
1207665623
1450092067
1450100911
1566652906
1415931005
1423477291
1428932392
1437401338
1437561494
1441711248
1435240365
1207660283
1207658793
1207658942
1207659053
1207658748
1207658785
1207658787
1207658915
1207659022
1207659010
1207659002
1207660853
1207658996
1207659173
2114871440
1522747276
1207658670
1424442317
1207659118
1424773427
1424856371
1424773562
1424773656
1207665313
1203767418
1444812654
1207659248
1443428641
1443692774
1452686225
1497274354
1255274701
1518019165
1452863689
1445338941
1444639412
1207659593
1207658666
1207658891
1207666683
1207658749
1207659204
1207658798
1207659139
1207659153
1448280463
1207658790
1268757981
1207658799
1207659127
1207658873
1207658865
1207666293
1425034773
1207666233
1405825704
1429538479
1436435983
1252846125
1646305015
1207659256
1207659793
1207659095
1916896012
1456837030
1207658836
1207659076
1436951929
1455787562
1207658655
1430744353
1447064571
1207658763
1434445160
1207658685
1207659258
1457085654
1207659260
1207659241
1207658741
1207659237
1207658689
1207658696
1207658653
1207658743
1207658690
1207660673
1458127099
1207661723
1207664213
1207658872
1207659009
1207658779
1460710709
1497784911
1193046833
1207660653
1429864849
1433331863
1259063039
1457696959
1423479583
1420648480
1207659096
1207659154
1420812121
1420813264
1420813366
1207658867
1207667083
1207667093
1207667153
1207658878
1207658839
1207658881
1207665283
1195536024
1445245918
1473737130
1207658675
         9
1207658772
1529501778
1331315680
1320675280
1393433855
1207659923
1454319762
1457346888
1207666573
1207659107
1207659196
1433846206
1433846264
1207659117
1207664313
1207659094
1207658980
1207664553
1457355665
1207658906
1446797453
1207664253
1207666953
1446796759
1272721020
1424254701
1455107123
1256894029
1207659101
1207659088
1207659030
1207659063
1207659016
1207666193
1444826419
1207665083
1437553673
1207659683
1207659813
1207659823
1441229340
1444042153
1444041616
1423058542
1423058817
1423058931
1207659158
1207659225
1207659243
1207659174
1456754427
1454602861
1426765313
1207664723
1207659903
1724299977
         8
1207658941
1207658971
1207658974
1444053723
1460733072
1207658955
1207660084
1447763046
1207659933
1207658794
1425293328
1207658778
1207659333
1207658784
1207658780
1420648167
1420648438
1421250907
1856044899
1207666743
1441290254
1207659128
1207661993
1443433575
1207667103
1457427157
1482572464
1207658694
        10
1207659017
1207658935
1207659187
1207665973
1207659236
1519364619
1423826709
1423481910
1203084502
1339137220
1448355943
1207658820
1207665123
1207665143
1207665133
1207666973
1561716235
1422288780
1422452702
1432894004
1433148949
1207658855
1441029515
1207658854
1207658858
1456225523
1583557467
2108222323
1431943502
         6
1207658645
2023071927
1207659126
1176929400
1207659583
1098700594
1207658758
1207658764
1207659803
1454576218
1428580803
1428579671
1428581105
1428589210
1428587439
1428588959
1428588163
1426246476
1207666003
1583197130
1349103774
         7
1436434037
1430740172
1207667203
2023488780
1312439301
1381069348
1995567033
1094368489
1170025678
1207659146
1207658788
1207658916
1207658918
1207658978
1207665583
1458753687
1444400283
1434554947
1893001152
1207666043
1207658792
1207662703
1448280389
1079762750
1425039730
1207665014
1207659853
1452776767
1207659114
1423059062
1230154140
1183476395
1207658895
1207658896
1207658897
1207666893
1207666913
1207666923
1207666933
1207666903
1207664833
1207660293
1207659074
1443615249
1444761329
1207659085
1441801923
1207659029
1207658818
1207659205
1453282796
1207658765
1207667263
1446112277
1207665993
1207659162
1207658890
1207659080
1207659218
1434446017
1941108493
1446213994
1455194518
1455788247
1444206831
1207658949
1207666093
1429698467
1429699401
1429699449
1207658964
1448617555
1207659155
2003665371
1969367608
1457696008
1426499435
1207660553
1435937720
1207658709
1207658705
1254027184
1424782268
1424782379
1424782569
1207658950
1574464714
1915989504
1094440425
1803353327
1076210813
1602488610
1730572477
1318673719
2030042380
1980931230
1207665033
1438603531
1207659157
1207664223
1207660383
1207659190
1119659879
1476356259
1291537992
1444830704
1384944984
1207658853
1207660064
1453301453
1207664463
1425302464
1438770870
1449227594
1163019077
1207659207
1159880091
1588437651
1470685745
1457519353
1207658715
1879874988
1434542135
1435136567
1718630725
1082048078
1207659238
1207659054
1207658716
1207658871
1207658866
1207664363
1207659209
1422618200
1333602811
1198456673
1951847103
1445852217
1207658802
1207658706
1455701771
1455702592
1457955115
1434378430
1430136184
1207659255
1207658667
1454498998
1207658773
1207658834
1207658841
1207659046
1331575837
1207659131
1207666563
1207666853
1427292148
1420803723
1439805257
1439805122
1439894629
1426251021
1426251362
1426251500
1207658910
1207664403
1207659060
1207667073
1207659883
1207660104
1207658887
1403945378
1351624781
1207658970
1207658902
1207658909
1688206338
1207658963
1207658981
1207659027
1207658791
1207658698
1207659113
1207658755
1207658754
1207659116
1207658795
1430913339
1207659144
1207659109
1207659091
1207659082
1207658747
1441974651
1442909513
1442910108
1207659613
1207658735
1207658736
1207658737
1207659235
2018730457
1453298883
1207658807
1207659122
1452777713
1453385169
1453462163
1207658710
1441715179
1441715815
1460628458
1207665513
1443696817
1443696086
1440166133
1207659040
1207664993
1207659233
1207660134
1123684973
1459856053
1459856152
1207666023
1445524380
1207659226
1445250876
1445251062
1207666663
1207658879
1441102382
1207659783
1207658940
1207658947
1207659234
1453737805
1207658919
1444027604
1444027762
1207658824
1207664443
1207659182
1207658921
1435582019
1432285342
1441875624
1207658801
1207660623
1207660613
1207664193
1207658674
1207660173
1677885333
2100741363
1664096574
1435329098
1460114368
1207665813
1423080728
1423214546
1423214759
1449581489
1207659043
1207658823
1207659049
1443699418
1207658840
1207658907
1207659223
1207665803
1427964976
1207662113
1207659175
1207659249
1207659244
1207658732
1207663153
1207663193
1207663173
1207664183
1454068042
1455791083
1455534282
1207660563
1207658819
1207659008
1207658686
1207666773
1207659242
1207659893
2069019551
1207658957
1207659032
1207658945
1435570424
1435570512
1435570651
1207659057
1207659083
1207658727
1207660013
1445608249
1207660583
1207660603
1207660573
1207659058
1207665233
1207658688
1207658651
1430740458
1430740694
1207659064
1207666303
1207659065
1207659098
1207664263
1435321049
1452686647
1453277526
1453277092
1423487549
1207660203
1207658811
1428054996
1440698356
1440698146
1440698774
1207665003
1436955893
1207658726
1207659141
1207664523
1207666493
1426251705
1444806723
1207659188
1207666253
1445506889
1207658668
1207659176
1207658742
1207658876
1207658877
1431941262
1207664773
1207658723
1207658724
1207659713
1601442230
1146045354
1207659573
1434021265
1728393087
1735987864
1207659142
1618073558
1438597383
1207665823
1207665843
1207665833
1207658914
1207659453
1436866438
1440061546
1439900139
1207660413
1207660913
1207666963
1440697210
1457610504
1456141287
1442832029
1454499527
1456490013
1456490149
1207659160
1207658669
1207659503
1424868751
1207664733
1424868860
1440151507
1454930864
1460731635
1460731832
1207658862
1460731213
1207660263
1207658659
1207664823
1207658936
1760534591
1471405734
1207659051
1207660463
1445250653
1445250539
1207659198
1452682147
1745548673
1298069403
2038860941
1207658770
1207660513
1207659041
1207658969
2086050016
1207664593
1207658699
1207658701
1207658700
1338132110
1207660343
1207659239
1559764443
1449139823
1207664303
1425657908
1458729425
1705536970
1876268007
1323526711
1458053826
1261817207
1207662553
1207659203
1459259227
1207658953
1207665024
1207659873
1207666453
1425386632
1207659143
1207658852
1422630762
1207658664
1455617752
1439487606
1445609115
1439647354
1207659003
1207659135
1207659215
1207664843
1207658875
1207658833
1207667113
2085898015
1383775419
1958880681
2036544275
1207665173
1207659018
1207665863
1207658976
1207660393
1207660473
1207658943
1207658939
1419313792
1207658719
1207659257
1948823323
1207659115
1207659145
1207658925
1207658967
1427876902
1773820830
1427108887
1429089605
1429170550
1429172763
1476323769
1866866270
1788373596
1421404701
1421404887
1421404646
1421405068
1421404581
1421404828
1421405135
1449669419
1421404999
1421404433
1428935726
1428935917
1207666283
1429011813
1421404950
1207666273
1421404763
1207666263
1421404508
1207658864
1452257327
1426253436
1452598881
1432039876
1453375253
1207658983
1207659693
1207666123
1426507697
1447684637
1207659100
1439548178
1440603706
1440603896
1430239690
1430297341
1430386162
1207660733
1207660713
1207658882
1207659007
1207658671
1457539226
1249018865
2005528327
1207658822
1207659134
1207659195
1207664533
1441707255
1433852499
1450362950
1450362827
1443001674
1443000530
1443001420
1443000342
1443001244
1207658713
1207658712
1432565635
1443519435
1458056008
1207659217
1207664353
1207660823
1421064427
1592527019
1439452105
1207660213
1207660793
1207665553
1456141688
1434634843
1422281930
1207665673
1207666623
1207659833
1207665573
1207660003
1207658946
1207661733
1450279740
1207660183
2080526928
1207666103
1422619461
1207664373
1207658848
1207658849
1207659079
1207658992
1207659193
1439637285
2116300560
1442477571
1207659172
1621931815
1852379375
1207659523
1432213337
1207666523
1207666753
1455036958
1207659066
1430234218
1430135783
1430234440
1207658753
1428918226
2122277533
1124055625
1207658889
1207659136
1434984562
1207665503
1448625945
1452768399
1452769829
1207664503
1207660433
1460731430
1207665183
1207658766
1207658769
1207658768
1207658767
1453374895
1207659000
1824632967
1425299904
2108745953
1423221839
1443778814
1446465369
1443779037
1443778954
1441717336
1442564308
1425568340
1580842560
1675233552
1372401911
1584560456
1950015716
1658599722
1432899949
1409316604
1207659140
1839729056
2140144873
1403000599
1133130154
1415654281
1159805368
1436971395
1207666183
1432207890
1401438095
1455785261
1432207977
1432208124
1207667163
1461060839
1452699415
1207659026
1207660423
1207659001
1207659036
1207658997
1513553405
1207666873
1109065057
1811173671
1332540609
1849261256
1207659463
1207658987
1207659743
1438596389
1460032883
1207659048
1436869408
1196955511
1427985242
1427987656
1429024794
1828289583
1207659072
1207658751
1207658752
1207659034
1207659052
1207659089
1207659077
1207666633
1207659069
1958228073
1429865580
1430300061
1207659044
1207658880
1207658912
1207659179
1207660863
1430924174
1431078929
1424258777
1429612159
1429612255
1720767912
1207659013
1207666243
1435224812
1207660353
1436531655
1431599567
1207659020
1207660023
1207659056
1435068351
1435068458
1436885062
1444303465
1444303206
1207658817
1812631235
1444038183
1207659214
1207658861
1183547197
1270048047
1447126331
1207658901
1207659252
1207658869
1207658815
1207658816
1445250340
1207659180
1440164514
1420648479
1207659062
1207658961
1207658965
1207658962
1207658984
1207659015
1207659093
1207658937
1447688349
1456487183
1207659227
1207661823
1207659087
1207658677
1207658679
1207658691
1207658692
1207665053
1207665063
1207665073
1207659033
1453458005
1453195863
1207659106
1466230825
1207658827
2074961301
1207660143
1445528240
1447605666
1455120451
1207658831
1207659240
1207665873
1207665373
1207665543
1434357748
1207664413
1433856545
1423218604
1680239891
1207659623
1207658783
1207659753
1207665483
1207659181
1455545518
1441098222
1207659247
1433928487
1443606025
1433929853
1207659110
1207659137
1207658725
1438006945
1438007195
1207659121
1207660163
1207665713
1207665153
1207665723
1207658702
1949808563
1443083988
1443084191
1115004086
1296814897
1453197519
1207664633
1207659019
1207661903
1434370838
1207658938
1207658960
1207658966
1207659021
1207660153
1207659473
1207659603
1207666473
1426252678
1207666423
1207658930
1207664663
1427206931
1441620909
1427195509
1640424747
1441355562
1207666883
1207658924
1207659229
1207659230
1458655673
1432213513
1441705226
1438332414
1421855536
1207658990
1207659061
1207659104
1207659170
1207658991
1387286368
1433238834
1462173886
1173909540
1455645883
1455647768
1456399450
1445249430
1445249599
1445249671
1445249983
1441032629
1441038404
1441039322
1446131634
1284895531
1207664803
1627353338
1354053863
1422357672
1422357892
1429178878
1422357788
1207664893
1207659171
1425040088
1706509320
1207659039
1437564865
1218352612
1951862657
2071628374
1239682736
1207660363
1207660503
1207658903
1207658913
1207658948
1207659097
